waypoints:
- latitude: 38.16144727562422
  longitude: -122.4546008905093
  yaw: 0.0
- latitude: 338.161438410668815
  longitude: -122.45462694944162
  yaw: 1.57
- latitude: 38.161446216804016
  longitude: -122.4546590135674
  yaw: 1.57
- latitude: 38.16150624104674
  longitude: -122.45465769216273
  yaw: 1.57